   1.0000000e+00   3.1784428e+00   2.7118203e+00   2.1076079e+00   2.2450411e+00   1.1957852e+00   3.0746116e+00   4.5675683e+00   1.6606553e+00   2.9724768e+00   2.7480049e+00
   1.0000000e+00   3.3438218e+00   2.1426784e+00   3.9881275e+00   3.7510314e+00   3.0101779e+00   3.2646994e+00   2.2835422e+00   4.5495059e+00   2.3104103e+00   3.2361994e+00
   2.0000000e+00   3.1733203e+00   4.0988234e+00   2.9516930e+00   3.0717115e+00   3.7503560e+00   1.6900775e+00   3.2834741e+00   3.3418750e+00   1.9698221e+00   3.4017958e+00
   1.0000000e+00   5.2562002e+00   3.3423944e+00   2.5382909e+00   4.1514311e+00   1.0270282e+00   3.6762348e+00   2.2608883e+00   1.1173828e+00   2.8786572e+00   3.2550669e+00
   2.0000000e+00   1.9051449e+00   3.0666626e+00   2.5828583e+00   2.1421808e+00   3.4713249e+00   2.0185171e+00   2.2732820e+00   2.8067896e+00   4.3068423e+00   3.2157623e+00
   1.0000000e+00   2.9214063e+00   2.5636919e+00   4.4619222e+00   3.8236693e+00   3.7938541e+00   3.0670345e+00   2.2826278e+00   3.3473866e+00   2.4511564e+00   2.8584908e+00
   1.0000000e+00   3.1653886e+00   2.2539712e+00   1.3043588e+00   3.5450823e+00   7.5412604e-01   3.6853659e+00   2.9564517e+00   1.9571258e+00   2.5675384e+00   2.3757550e+00
   2.0000000e+00   2.2144741e+00   2.3534109e+00   3.1438311e+00   1.3582300e+00   2.3200939e+00   2.4162697e+00   3.7268255e+00   5.0567744e+00   2.1078571e+00   3.2508720e+00
   2.0000000e+00   5.1848846e+00   3.2748685e+00   4.9874098e+00   4.9017370e+00   2.3089284e+00   2.8163316e+00   2.6873842e+00   2.2098332e+00   2.6805117e+00   2.6016307e+00
   2.0000000e+00   2.7440561e+00   3.4606875e+00   1.7248522e+00   3.5807733e+00   1.4192311e+00   1.9734905e+00   9.4098531e-01   1.6707493e+00   3.4613352e+00   3.3460475e+00
   2.0000000e+00   2.2935286e+00   2.1317096e+00   3.2454346e+00   3.5594824e+00   2.9992242e+00   3.1862711e+00   1.3129969e+00   3.5393136e+00   2.8281927e+00   4.9388956e+00
   2.0000000e+00   1.3633835e+00   3.0715075e+00   2.0567408e+00   3.0840352e+00   3.6192417e+00   4.0544611e+00   2.9150881e+00   2.2845324e+00   3.5147345e+00   3.6106018e+00
   2.0000000e+00   3.4653651e+00   1.4873494e+00   2.5139307e+00   3.2806393e+00   4.2215961e+00   3.7042564e+00   1.4236233e+00   3.0514933e+00   4.4141831e+00   4.2939120e+00
   2.0000000e+00   3.2521505e+00   2.4377343e+00   2.3872960e+00   3.1988424e+00   5.3955276e+00   2.4558920e+00   3.9754357e+00   3.1676757e+00   3.3903576e+00   4.6605442e+00
   2.0000000e+00   2.5566230e+00   2.5483009e+00   1.8714263e+00   1.9738045e+00   4.6782274e+00   2.9975638e+00   4.9787501e+00   3.8465647e+00   3.9867253e+00   2.4862524e+00
   2.0000000e+00   3.9440813e+00   1.8421634e+00   1.8073433e+00   1.9502517e+00   2.3468320e+00   2.6843462e+00   2.0723199e+00   2.6271343e+00   4.4908378e+00   3.5571017e+00
   2.0000000e+00   4.1427284e+00   3.1696946e+00   3.7716425e+00   2.5049106e+00   2.3445324e+00   2.2467559e+00   4.7781376e+00   3.7672429e+00   2.7632492e+00   3.0879854e+00
   2.0000000e+00   3.5278935e+00   2.2867885e+00   3.6730503e+00   5.4192326e+00   3.4905051e+00   3.3473690e+00   3.1900811e+00   2.2350425e+00   2.0087740e+00   4.3537845e+00
   2.0000000e+00   2.2214900e+00   2.3745041e+00   3.1093505e+00   3.7624691e+00   3.0671827e+00   4.2041785e+00   1.8792526e+00   2.1081302e+00   4.4322492e+00   4.3679242e+00
   2.0000000e+00   2.5568868e+00   2.5394137e+00   2.7915277e+00   3.8803557e+00   3.8307390e+00   2.9007124e+00   1.5238219e+00   3.5555350e+00   4.0737254e+00   2.9502243e+00
   2.0000000e+00   2.6463224e+00   2.8934851e+00   2.1722350e+00   2.9455363e+00   2.7060785e+00   2.1196689e+00   3.3243611e+00   2.9694628e+00   3.8876029e+00   3.0073641e+00
   2.0000000e+00   4.3489503e+00   2.4915288e+00   1.5969295e+00   4.0861223e+00   2.4134498e+00   3.3838363e+00   1.7245527e+00   1.9635358e+00   4.3622570e+00   1.7813833e+00
   2.0000000e+00   4.3266326e+00   3.2038636e+00   1.6913524e+00   3.7338264e+00   3.3036994e+00   3.4109770e+00   2.4051662e+00   3.5918990e+00   1.6011211e+00   2.0080141e+00
   1.0000000e+00   4.2402124e+00   1.8045757e+00   4.7539909e+00   2.1552042e+00   1.4847085e+00   3.6746521e+00   3.3827637e+00   4.2488317e+00   1.7392334e+00   2.3915328e+00
   2.0000000e+00   4.5660457e+00   4.9308172e+00   2.5816010e+00   3.7232247e+00   2.9598095e+00   2.2150973e+00   3.0837359e+00   3.2821785e+00   3.5744837e+00   2.4264570e+00
   1.0000000e+00   1.9982749e+00   3.6753149e+00   3.2078980e+00   3.8810180e+00   3.8034217e+00   3.0777674e+00   3.0312245e+00   3.3178575e+00   1.7589715e+00   3.4594303e+00
   2.0000000e+00   2.9855434e+00   1.3763292e+00   2.4577369e+00   1.7507405e+00   4.0021004e+00   1.9744542e+00   4.0870426e+00   1.6142948e+00   4.5993043e+00   2.6873388e+00
   2.0000000e+00   1.4523910e+00   2.7294285e+00   2.1815545e+00   3.5430900e+00   2.4399276e+00   4.0583350e+00   3.8251155e+00   3.8972908e+00   3.9438985e+00   2.2879073e+00
   2.0000000e+00   4.4526323e+00   2.7639952e+00   3.9617256e+00   1.5114670e+00   3.4238790e+00   1.8827401e+00   1.6751238e+00   3.4469777e+00   4.3465440e+00   2.7373225e+00
   2.0000000e+00   2.8092833e+00   4.2374611e+00   2.1809361e+00   2.6597782e+00   3.4545921e+00   2.4018657e+00   4.2783381e+00   3.8724095e+00   1.5608448e+00   3.1999649e+00
   2.0000000e+00   3.0990144e+00   3.1727801e+00   4.6703019e+00   2.2607141e+00   3.0456184e+00   2.3683347e+00   3.2244030e+00   1.4258643e+00   2.7004185e+00   3.0167593e+00
   1.0000000e+00   3.7910464e+00   3.6614279e+00   2.0283187e+00   3.2228443e+00   2.1164853e+00   3.0733649e+00   3.1931036e+00   4.6893936e+00   4.0780159e+00   3.5681485e+00
   1.0000000e+00   2.3484552e+00   2.3143708e+00   7.7633350e-01   4.2066569e+00   1.6861437e+00   3.7865735e+00   3.8056073e+00   5.1808197e+00   2.7998349e+00   2.9803504e+00
   2.0000000e+00   2.8751367e+00   3.1185619e+00   2.0518477e+00   3.9866211e+00   1.7863116e+00   2.0967619e+00   2.3407173e+00   3.4040990e+00   2.9059380e+00   3.0635381e+00
   2.0000000e+00   3.0320095e+00   2.9200349e+00   1.7195180e+00   4.1379924e+00   3.4573889e+00   4.3314305e+00   2.2714818e+00   5.1968049e+00   1.7774610e+00   4.2864779e+00
   2.0000000e+00   3.1919010e+00   2.9186829e+00   3.5266299e+00   2.7261073e+00   4.0817547e+00   1.6037566e+00   4.9464213e+00   4.0493904e+00   2.2280113e+00   2.0550346e+00
   2.0000000e+00   2.9081178e+00   3.6732106e+00   2.9511277e+00   2.4683162e+00   3.7813523e+00   3.2026140e+00   3.4330522e+00   3.7158093e+00   3.7240979e+00   4.0066875e+00
   2.0000000e+00   3.2569498e+00   1.7674473e+00   1.8741144e+00   4.5731327e+00   3.3529381e+00   3.3740928e+00   2.3593770e+00   2.3451408e+00   3.4795818e+00   5.5789678e+00
   1.0000000e+00   2.9430794e+00   2.9652198e+00   2.6263338e+00   3.7197711e+00   1.9813879e+00   3.2733618e+00   1.7705028e+00   3.7229841e+00   2.6663635e+00   2.3774465e+00
   2.0000000e+00   3.1157417e+00   5.4176750e+00   2.8832467e+00   3.2591312e+00   2.6268100e+00   3.1449446e+00   5.1878730e+00   4.5891667e+00   3.3326569e+00   5.7058633e+00
   1.0000000e+00   3.6361553e+00   2.7104896e+00   2.3477822e+00   3.7523866e+00   2.9059416e+00   3.1194070e+00   2.7374218e+00   2.4317128e+00   3.4066490e+00   3.9279309e+00
   2.0000000e+00   2.8782776e+00   4.3408302e+00   3.2775897e+00   1.2805371e+00   1.7758331e+00   3.2577979e+00   2.7634917e+00   2.8050950e+00   2.9126725e+00   1.4999068e+00
   2.0000000e+00   1.8935416e+00   3.0628448e+00   2.9233641e+00   3.2530331e+00   3.3194172e+00   2.9967145e+00   1.3996099e+00   4.2970158e+00   2.7900461e+00   4.1249887e-01
   2.0000000e+00   3.1803183e+00   1.8412840e+00   3.0489271e+00   3.3137505e+00   4.0234157e+00   2.3275029e+00   2.1325785e+00   3.5087198e+00   1.5816036e+00   2.5786558e+00
   2.0000000e+00   3.1105467e+00   2.5425550e+00   2.3262145e+00   3.7548157e+00   1.5436911e+00   3.8923682e+00   2.4859369e+00   2.1111679e+00   1.0576125e+00   1.3552494e+00
   2.0000000e+00   1.9137969e+00   3.1753625e+00   3.3439927e+00   2.3180022e+00   2.8937577e+00   2.2898539e+00   4.5363370e+00   4.9830981e+00   2.9183706e+00   4.0055378e+00
   2.0000000e+00   2.6234125e+00   2.3107188e+00   1.3279193e+00   2.6325339e+00   3.4828296e+00   3.8159807e+00   2.5508898e+00   2.0435582e+00   3.7129703e+00   2.0841664e+00
   2.0000000e+00   3.9143921e+00   3.2769414e+00   2.4576672e+00   4.0807200e+00   2.5491607e+00   3.3092341e+00   3.1466448e+00   3.2891243e+00   1.5208056e+00   4.4439509e+00
   2.0000000e+00   2.1990530e+00   4.1515610e+00   1.6518679e+00   3.2059823e+00   2.7757254e+00   3.9537794e+00   2.8664684e+00   1.6013103e+00   1.3450183e+00   4.5064377e+00
   2.0000000e+00   2.8026934e+00   3.7797082e+00   2.1526965e+00   2.5351924e+00   4.4091098e+00   2.1699724e+00   2.2089236e+00   3.7995852e+00   2.3508226e+00   2.2491564e+00
   1.0000000e+00   2.4951743e+00   1.8229242e+00   3.6825633e+00   3.5456990e+00   2.8532610e+00   3.7118954e+00   2.8724988e+00   3.9554294e+00   2.1212072e+00   2.7898448e+00
   2.0000000e+00   1.7663570e+00   3.5493860e+00   2.8798365e+00   1.2969274e+00   3.0060656e+00   1.3917800e+00   2.3005709e+00   1.7712721e+00   4.3666359e+00   6.8964370e-01
   2.0000000e+00   1.7072056e+00   4.5689814e+00   3.6425730e+00   2.8530912e+00   5.6734007e+00   2.6295034e+00   3.7767400e+00   1.2162297e+00   2.1061678e+00   3.5986487e+00
   2.0000000e+00   2.9626479e+00   3.6796819e+00   3.0055074e+00   2.9458223e+00   1.6980007e+00   4.1107312e+00   1.8604294e+00   2.1093707e+00   4.5272329e+00   3.3017169e+00
   2.0000000e+00   2.8131708e+00   3.3688059e+00   1.9921877e+00   2.7184698e+00   2.2941996e+00   4.8015775e+00   1.9517401e+00   3.0844696e+00   4.9141501e+00   2.5457757e+00
   2.0000000e+00   2.6970255e+00   1.4340125e+00   2.6378303e+00   2.7513670e+00   1.8189758e+00   2.7837303e+00   2.4611316e+00   2.5687056e+00   4.5309746e+00   2.0176155e+00
   2.0000000e+00   4.1188096e+00   2.1943967e+00   1.2632148e+00   2.7452660e+00   2.7474756e+00   2.7669769e+00   2.6667734e+00   2.2758953e+00   4.6591969e+00   3.8724763e+00
   1.0000000e+00   3.7311855e+00   3.6495614e+00   1.1062455e+00   3.8802151e+00   4.2439649e+00   3.4182744e+00   2.2366842e+00   3.9156603e+00   1.5070172e+00   3.4201437e+00
   2.0000000e+00   4.3060027e+00   3.4648707e+00   4.9617532e+00   3.5224079e+00   2.7999832e+00   2.0016804e+00   2.9957173e+00   3.6992659e+00   1.4321558e+00   4.1629700e+00
   2.0000000e+00   4.0411123e+00   2.7864884e+00   1.9933625e+00   3.6971970e+00   2.9380664e+00   1.1964466e+00   3.0007021e+00   8.2690080e-01   2.1268689e+00   2.5810410e+00
   1.0000000e+00   3.9611252e+00   3.1943603e+00   2.9735486e+00   3.3735328e+00   3.5792571e+00   3.6823488e+00   2.2408407e+00   4.0789832e+00   1.9011042e+00   3.3854089e+00
   2.0000000e+00   2.5933546e+00   2.3106285e+00   1.5639706e+00   1.9356676e+00   2.7785149e+00   2.4523705e+00   1.9282486e+00   3.4463017e+00   3.0489711e+00   4.1106309e+00
   2.0000000e+00   2.8049960e+00   3.2973752e+00   3.6083410e+00   4.5408362e+00   4.0626131e+00   1.6796441e+00   4.7608456e+00   4.6795870e+00   2.8682999e+00   2.2402030e+00
   2.0000000e+00   1.7319783e+00   1.6006260e+00   3.3546005e+00   9.8273093e-01   3.3289548e+00   2.9619801e+00   4.2250844e+00   1.7837488e+00   2.9861777e+00   2.7902421e+00
   1.0000000e+00   3.1459504e+00   3.4457972e+00   3.5878378e+00   3.8609285e+00   2.7693065e+00   3.2664763e+00   3.2754226e+00   2.6366698e+00   3.4324413e+00   2.7883086e+00
   2.0000000e+00   2.2494415e+00   3.3927794e+00   2.9246067e+00   3.2585020e+00   1.9639826e+00   2.0070821e+00   1.9480155e+00   2.2084496e+00   1.4759469e+00   3.9648546e+00
   2.0000000e+00   3.2873065e+00   2.6332915e+00   1.7437372e+00   2.1063672e+00   2.6073203e+00   1.8037538e+00   3.1300028e+00   3.5185309e+00   2.3625711e+00   2.8892666e+00
   2.0000000e+00   3.1151434e+00   3.9278843e+00   4.8553061e+00   3.2186192e+00   1.6885538e+00   3.7842173e+00   4.5749504e+00   1.9754105e+00   3.5887148e+00   1.6745080e+00
   2.0000000e+00   5.0627449e+00   1.9689004e+00   1.0689866e+00   3.8992624e+00   2.0777035e+00   3.9468887e+00   1.4113184e+00   3.8224851e+00   3.9842376e+00   2.2149339e+00
   2.0000000e+00   3.9959427e+00   3.2769841e+00   2.0822282e+00   2.2521655e+00   1.5199825e+00   2.0305912e+00   1.9586240e+00   2.2042019e+00   3.9552314e+00   3.6904428e+00
   2.0000000e+00   2.7130383e+00   3.3518549e+00   3.6600708e+00   3.5289587e+00   2.8240307e+00   4.1048387e+00   2.6102267e+00   3.4204477e+00   3.7102766e+00   4.0915874e+00
   2.0000000e+00   1.8129158e+00   3.5686359e+00   2.6365619e+00   2.7538868e+00   2.8740292e+00   2.8464701e+00   3.7436272e+00   2.5499081e+00   4.6127327e+00   2.3278105e+00
   2.0000000e+00   1.3165752e+00   4.2860011e+00   3.6098231e+00   2.2820144e+00   2.4058023e+00   4.2874984e+00   2.9334443e+00   2.1075348e+00   4.5021678e+00   2.9773735e+00
   1.0000000e+00   3.2859833e+00   3.5640270e+00   3.5865026e+00   3.5428181e+00   2.3011647e+00   3.7538916e+00   1.4032497e+00   1.0831042e+00   2.0559432e+00   2.4121707e+00
   1.0000000e+00   4.0769058e+00   3.6169794e+00   2.1295114e+00   3.4202721e+00   3.6530649e+00   3.8447232e+00   4.0869764e+00   2.5952003e+00   2.8740868e+00   3.4235595e+00
   2.0000000e+00   2.9878282e+00   3.2205078e+00   3.7780908e+00   3.1165613e+00   2.8134589e+00   3.2776784e+00   3.8089623e-01   2.7211365e+00   2.3749166e+00   4.6588915e+00
   2.0000000e+00   2.0620533e+00   1.9494994e+00   2.6346725e+00   3.8655745e+00   4.3409460e+00   1.6103809e+00   3.9148276e+00   3.4023643e+00   1.3060608e+00   4.2943194e+00
   1.0000000e+00   1.3634131e+00   3.0197579e+00   1.8890800e+00   4.0656200e+00   3.1366062e+00   3.5142927e+00   4.4282582e+00   1.2874855e+00   2.0873642e+00   3.4297639e+00
   2.0000000e+00   1.9742328e+00   2.3247628e+00   3.8138827e+00   2.9295835e+00   4.6777888e+00   4.1673427e+00   3.6978968e+00   3.6122527e+00   2.2347859e+00   2.0947705e+00
   1.0000000e+00   3.2638178e+00   2.9405722e+00   3.9710824e+00   2.3854201e+00   3.5277860e+00   3.1777597e+00   2.1586295e+00   4.1718353e+00   2.2012387e+00   2.1912462e+00
   2.0000000e+00   2.8234347e+00   3.5728027e+00   3.5048381e+00   3.3644822e+00   3.6078922e+00   2.7360170e+00   3.4373784e+00   4.0237723e+00   3.6066870e+00   2.4377284e+00
   2.0000000e+00   2.7536492e+00   2.1581214e+00   2.8901020e+00   2.5885763e+00   3.3834015e+00   5.2812180e+00   3.8749065e+00   3.7053417e+00   3.9993549e+00   1.6973647e+00
   1.0000000e+00   4.9655051e+00   2.6614883e+00   1.7277574e+00   2.3064008e+00   4.6705837e+00   3.0324714e+00   1.2362574e+00   2.7255470e+00   4.8768184e+00   2.5879014e+00
   2.0000000e+00   3.8939642e+00   1.6251885e+00   3.4567569e+00   3.1835607e+00   4.6304878e+00   2.6384874e+00   7.5948933e-01   7.4608316e-01   4.3621432e+00   3.9079503e+00
   2.0000000e+00   3.8179203e+00   4.1080363e+00   3.3520115e+00   2.0026262e+00   3.2462140e+00   3.4073681e+00   4.1327173e+00   3.1042532e+00   3.7780091e+00   1.6560416e+00
   2.0000000e+00   2.4394814e+00   3.9060705e+00   2.7067120e+00   4.8907635e+00   2.8741203e+00   2.2912614e+00   1.5980627e+00   3.8842031e+00   4.3135772e+00   3.6367997e+00
   1.0000000e+00   4.6003113e+00   2.8883058e+00   2.7598724e+00   4.2439788e+00   2.5721945e+00   3.3881638e+00   3.0710005e+00   3.3513089e+00   1.8782046e+00   2.2098228e+00
   2.0000000e+00   4.7889882e+00   2.3304021e+00   3.4272279e+00   3.1835186e+00   4.4889524e+00   2.0201897e+00   2.4173347e+00   3.1783715e+00   2.4474880e+00   2.6719941e+00
   1.0000000e+00   3.1454495e+00   2.2381725e+00   2.5916960e+00   3.0276702e+00   4.6914489e+00   3.0840707e+00   2.9819854e+00   1.9204622e+00   3.2171639e+00   2.4404495e+00
   2.0000000e+00   3.4099259e+00   2.9637848e+00   3.3691300e+00   2.8063505e+00   2.3569861e+00   4.2814143e+00   1.6079119e+00   4.0286541e+00   1.9054204e+00   1.3703326e+00
   2.0000000e+00   2.3355754e+00   2.5715972e+00   3.0215594e+00   4.0689069e+00   6.2325760e-01   4.0319318e+00   2.5374127e+00   4.6040417e+00   3.9024741e+00   3.3963792e+00
   2.0000000e+00   2.9338196e+00   6.9772947e-01   3.3222580e+00   3.0999564e+00   1.9169927e+00   2.4044625e+00   3.0354491e+00   4.5591094e+00   2.3816173e+00   2.5993192e+00
   2.0000000e+00   3.7814967e+00   4.0040648e+00   3.1419315e+00   2.3291411e+00   4.5439691e+00   2.6478941e+00   2.8109146e+00   2.5481534e+00   3.8874158e+00   1.1937080e+00
   1.0000000e+00   3.0002215e+00   2.7336679e+00   3.3571702e+00   2.6495221e+00   2.5063090e+00   3.3035719e+00   3.8093058e+00   4.1681003e+00   2.7029776e+00   3.3745585e+00
   1.0000000e+00   3.1046463e+00   2.0498904e+00   3.3229791e+00   3.6613037e+00   3.2323106e+00   3.2236504e+00   4.7140220e+00   2.5749149e+00   3.9567747e+00   3.7506643e+00
   2.0000000e+00   4.5061492e+00   3.6574727e+00   4.1097517e+00   3.9989642e+00   2.7636438e+00   2.1783849e+00   2.5619413e+00   2.7372751e+00   2.6687369e+00   5.1434499e+00
   2.0000000e+00   2.3013428e+00   2.7523347e+00   4.4899068e+00   2.8776040e+00   2.8343293e+00   2.7177048e+00   3.2228407e+00   2.6005513e+00   3.2038428e+00   2.3402226e+00
   2.0000000e+00   2.3077986e+00   1.5133366e+00   3.9521236e+00   2.6326163e+00   2.9218662e+00   2.6796969e+00   2.9320957e+00   2.2598227e+00   3.3020857e+00   2.5174156e+00
   2.0000000e+00   4.5416728e+00   2.4059701e+00   2.3796123e+00   2.7667006e+00   9.6511015e-01   2.5673569e+00   2.6809700e+00   3.7757306e+00   3.8627529e+00   3.1982241e+00
   2.0000000e+00   3.0300409e+00   2.9985954e+00   2.7551333e+00   4.1831583e+00   2.7276633e+00   2.8337595e+00   3.5159135e+00   4.7663958e+00   4.0378743e+00   2.6364306e+00
