   2.0000000e+00   3.4804573e+00   2.6545291e+00   4.0213801e+00   2.3751399e+00   2.4089929e+00   3.6128039e+00   2.2888529e+00   3.0634109e+00   2.8700657e+00   3.5554226e+00
   2.0000000e+00   3.6593012e+00   2.9814341e+00   2.7157653e+00   3.0493217e+00   3.0300763e+00   3.2558552e+00   4.2918914e+00   2.1203321e+00   1.8691952e+00   5.0614572e+00
   2.0000000e+00   2.7135252e+00   3.2295567e+00   4.2405035e+00   3.0772859e+00   2.3686427e+00   4.2664246e+00   4.1831118e+00   3.0536210e+00   3.2818708e+00   1.8495753e+00
   2.0000000e+00   3.1615026e+00   3.8323183e+00   2.8144517e+00   3.6865603e+00   2.3390701e+00   4.2075615e+00   2.9885642e+00   2.1722823e+00   3.2225188e+00   4.2510436e+00
   2.0000000e+00   2.2892591e+00   4.7268189e+00   2.1673898e+00   2.8808457e+00   4.5206180e+00   3.1754118e+00   2.2668975e+00   1.5717466e+00   3.5170426e+00   3.5538285e+00
   1.0000000e+00   9.2296233e-01   4.1907989e+00   3.9742876e+00   2.8563218e+00   2.8008920e+00   2.7088017e+00   3.3556715e+00   4.1881209e+00   2.6027105e+00   2.5714845e+00
   2.0000000e+00   1.3718457e+00   4.5460591e+00   2.9550652e+00   4.8308730e+00   2.0651541e+00   3.9378463e+00   3.9080128e+00   2.7661981e+00   1.8717350e+00   2.9369653e+00
   2.0000000e+00   2.7887120e+00   2.3198764e+00   3.0725190e+00   3.5051023e+00   2.9964523e+00   1.1252176e+00   8.5733618e-01   3.2411965e+00   2.1868892e+00   2.1051572e+00
   2.0000000e+00   3.4080001e+00   3.0605026e+00   3.7476966e+00   3.4816228e+00   3.7795554e+00   4.1102823e+00   4.7761546e+00   2.4648663e+00   1.8627639e+00   2.8071482e+00
   1.0000000e+00   9.5669063e-01   1.6636780e+00   3.0521757e+00   4.2380446e+00   2.5921606e+00   2.2837496e+00   3.2288720e+00   7.8435793e-01   3.1427456e+00   5.0838942e+00
   2.0000000e+00   1.2853658e+00   2.9315223e+00   3.9666454e+00   2.1105726e+00   3.2803149e+00   2.9340589e+00   4.1188251e+00   3.8993256e+00   1.9595897e+00   1.7714325e+00
   2.0000000e+00   2.9745505e+00   4.5766422e+00   3.1548619e-01   4.5146962e+00   2.5427352e+00   1.3159340e+00   2.0501058e+00   1.1460879e+00   3.3250534e+00   2.9184362e+00
   2.0000000e+00   2.4656471e+00   2.9316166e+00   1.6497508e+00   2.1089465e+00   3.1093632e+00   1.9870412e+00   2.0978077e+00   3.6252114e+00   2.8061424e+00   2.4113397e+00
   1.0000000e+00   2.6251533e+00   3.7779591e+00   3.0192515e+00   2.7572034e+00   3.2235454e+00   2.1037218e+00   3.8055324e+00   2.7405949e+00   3.3444536e+00   3.5871656e+00
   2.0000000e+00   4.0786875e+00   5.7343327e+00   2.4451438e+00   3.3322406e+00   2.9787400e+00   2.7143691e+00   1.8976591e+00   3.2684643e+00   2.6354211e+00   2.2430463e+00
   2.0000000e+00   3.7112940e+00   3.3054792e+00   4.0888383e-01   3.8801022e+00   3.0961252e+00   2.2009376e+00   2.4071063e+00   3.6183683e+00   4.0563441e+00   2.9060632e+00
   1.0000000e+00   2.2052515e+00   1.0363475e+00   3.6836219e+00   3.0032154e+00   2.6083337e+00   3.5050268e+00   3.1100184e+00   2.4468274e+00   2.9654232e+00   1.9320423e+00
   2.0000000e+00   3.8874290e+00   3.5626920e+00   1.5015399e+00   3.2694720e+00   3.4794182e+00   2.2454288e+00   1.9392340e+00   2.2166454e+00   3.7909728e+00   2.0384194e+00
   2.0000000e+00   2.8445632e+00   4.2400824e+00   2.9445545e+00   4.2978073e+00   3.2801600e+00   4.5272903e+00   9.9632286e-01   3.1424605e+00   3.4279797e+00   2.8308445e+00
   2.0000000e+00   2.5008812e+00   2.9943896e+00   2.8876647e+00   3.4214962e+00   3.1651218e+00   4.3759968e+00   2.1428501e+00   2.7426137e+00   2.0900079e+00   3.7331520e+00
   2.0000000e+00   2.0148454e+00   2.1481918e+00   3.5891504e+00   3.6799101e+00   3.7657917e+00   1.7215307e+00   2.0500347e+00   1.8938893e+00   3.0770411e+00   2.4401919e+00
   1.0000000e+00   2.7293204e+00   2.1474077e+00   3.2718583e+00   2.4634015e+00   2.8158157e+00   2.3591352e+00   3.5632521e+00   3.2704162e+00   3.7121979e+00   2.0438126e+00
   2.0000000e+00   4.0904194e+00   1.4673354e+00   2.6686288e+00   3.0516739e+00   4.1526531e+00   4.5613376e+00   3.1411964e+00   4.8458825e+00   1.8653924e+00   4.2103327e+00
   2.0000000e+00   2.6988053e+00   2.7308155e+00   4.0149248e+00   4.0456654e+00   2.8512314e+00   2.8196262e+00   4.1813202e+00   2.5451064e+00   6.0309291e-01   3.3801826e+00
   1.0000000e+00   3.0544476e+00   3.7392882e+00   3.2759879e+00   3.3409226e+00   3.9542544e+00   2.6675779e+00   3.5729042e+00   3.6924436e+00   2.9659138e+00   4.0966098e+00
   2.0000000e+00   2.8174325e+00   3.2793644e+00   3.2753550e+00   2.3523763e+00   2.7799218e+00   3.1848485e+00   2.6696458e+00   3.8905702e+00   7.1479907e-01   4.0174351e+00
   1.0000000e+00   3.4601672e+00   3.0331967e+00   1.3171744e+00   2.8305861e+00   4.4004902e+00   1.0875213e+00   3.2741001e+00   4.4953305e+00   2.6621071e+00   3.3806914e+00
   2.0000000e+00   2.9168330e+00   2.2855176e+00   2.2673570e+00   1.4634276e+00   3.9553273e+00   3.8301512e+00   4.5295094e+00   1.6026860e+00   3.2493646e+00   1.6114070e+00
   2.0000000e+00   2.5598910e+00   2.3923249e+00   1.8406301e+00   3.8120125e+00   1.7717863e+00   3.5243018e+00   2.8773147e+00   3.8329821e+00   2.8468959e+00   1.6332748e+00
   2.0000000e+00   4.1125079e+00   1.6104021e+00   2.1026161e+00   3.8116318e+00   1.8131052e+00   3.1675355e+00   1.1061565e+00   2.8848097e+00   3.5771076e+00   1.9521502e+00
   1.0000000e+00   3.8912828e+00   4.5816493e+00   3.8266716e+00   2.5921723e+00   3.1192669e+00   2.3281209e+00   3.9078905e+00   3.3923114e+00   2.6836963e+00   2.4330300e+00
   2.0000000e+00   2.7490529e+00   2.5375158e+00   2.8124661e+00   4.6350341e+00   3.5671165e+00   1.7833131e+00   2.9780318e+00   3.9808939e+00   3.0846539e+00   1.3827677e+00
   2.0000000e+00   1.7282912e+00   2.2873817e+00   3.0328877e+00   3.2600811e+00   1.9693981e+00   2.0619194e+00   3.5444135e+00   3.9575753e+00   4.6536891e+00   1.9808475e+00
   2.0000000e+00   1.9526229e+00   3.7733628e+00   2.7419713e+00   4.1386717e+00   2.4838146e+00   4.1934116e+00   1.1100483e+00   2.6619084e+00   4.3645739e+00   5.9193829e+00
   1.0000000e+00   1.6661392e+00   3.4768846e+00   3.8788420e+00   3.6211410e+00   4.0592080e+00   3.2968446e+00   3.5872826e+00   4.1468213e+00   3.2036904e+00   2.9689067e+00
   2.0000000e+00   2.4101280e+00   1.9206795e+00   3.6009074e+00   2.0908736e+00   2.3792372e+00   4.1908972e+00   2.2321741e+00   1.6937344e+00   2.7587963e+00   1.9083721e+00
   2.0000000e+00   2.7987130e+00   4.2708165e+00   3.1762773e+00   3.7698819e+00   3.6577157e+00   4.7625461e+00   2.9467501e+00   2.6531653e+00   2.1929271e+00   2.6496979e+00
   2.0000000e+00   3.7751441e+00   4.8790686e+00   3.6550202e+00   3.8117652e+00   4.0740012e+00   3.0655654e+00   4.8541386e+00   4.8073940e+00   3.2369053e+00   2.6184825e+00
   2.0000000e+00   2.1406086e+00   2.5597616e+00   2.5156622e+00   2.9901363e+00   3.3076037e+00   1.7823060e+00   3.4668557e+00   4.9805295e+00   5.2266775e+00   3.9820398e+00
   2.0000000e+00   1.8468798e+00   5.0452274e+00   4.9545853e+00   4.2004123e+00   3.4044735e+00   2.6734008e+00   4.3201053e+00   2.6384047e+00   2.8637939e+00   2.1372500e+00
   2.0000000e+00   5.1154424e-01   8.8447668e-01   2.5724490e+00   3.0501693e+00   4.0182880e+00   4.2320269e+00   3.5894311e+00   4.9291423e+00   4.6405350e+00   4.1643734e+00
   2.0000000e+00   3.3078558e+00   4.1065804e+00   3.7091361e+00   1.5505702e+00   2.2722963e+00   2.8776852e+00   1.4601926e+00   3.9476068e+00   2.7776578e+00   3.7694070e+00
   2.0000000e+00   1.6515428e+00   3.6658236e+00   5.2684436e+00   1.6435803e+00   3.0640856e+00   3.1600495e+00   2.5357459e+00   2.8196608e+00   1.6680891e+00   2.9373072e+00
   2.0000000e+00   2.5492149e+00   2.8705339e+00   2.6363341e+00   3.0513263e+00   3.3999640e+00   2.5912255e+00   4.0758366e+00   2.7544854e+00   1.9225524e+00   3.6846665e+00
   2.0000000e+00   3.4841821e+00   2.9923026e+00   1.9864736e+00   1.6458761e+00   2.5343065e+00   1.5468018e+00   2.3760361e+00   1.9809248e+00   2.7690180e+00   2.4811366e+00
   2.0000000e+00   3.1993452e+00   2.3330165e+00   4.1306227e+00   3.5128010e+00   3.5879540e+00   3.7950731e+00   2.3284312e+00   3.7782114e+00   4.0545115e+00   2.4015421e+00
   2.0000000e+00   2.4925597e+00   3.2669079e+00   3.5429422e+00   4.8410941e+00   3.0679837e+00   3.2808482e+00   3.4147361e+00   2.9093740e+00   1.5676345e+00   3.8752053e+00
   2.0000000e+00   1.5013081e+00   2.6508978e+00   1.1458774e+00   9.7246145e-01   3.2772884e+00   3.0501795e+00   4.6677938e+00   2.3162448e+00   4.4571345e+00   2.5125242e+00
   2.0000000e+00   2.8257686e+00   4.1560846e+00   2.7555192e+00   3.7272459e+00   4.0100286e+00   4.1057734e+00   2.6558121e+00   3.0905645e+00   2.4149657e+00   5.5815354e+00
   2.0000000e+00   3.9049075e+00   3.0629021e+00   3.4939293e+00   2.1340667e+00   3.2360131e+00   3.5120131e+00   4.0419970e+00   9.4068877e-01   3.6121874e+00   3.1326816e+00
   2.0000000e+00   2.4071195e+00   4.3325481e+00   3.8019401e+00   1.8856754e+00   3.2284943e+00   2.9661153e+00   4.6044719e+00   3.2832952e+00   1.9695190e+00   5.1496456e+00
   2.0000000e+00   3.7041807e+00   2.7317822e+00   3.0736926e+00   3.3498729e+00   4.0350159e+00   2.2150786e+00   2.5635144e+00   2.2557388e+00   3.5780429e+00   2.0255450e+00
   2.0000000e+00   3.7474559e+00   2.2671218e+00   5.9527374e+00   2.6796448e+00   2.0409331e+00   2.1935897e+00   1.8351200e+00   5.3587282e+00   3.6537316e+00   4.2072551e-01
   1.0000000e+00   1.4625696e+00   2.2884569e+00   4.2487662e+00   3.4195236e+00   2.2533908e+00   2.0829978e+00   3.0779065e+00   2.2887261e+00   2.7694681e+00   2.9905144e+00
   2.0000000e+00   1.1666520e+00   4.4767474e+00   4.9301292e+00   3.9214411e+00   1.6214870e+00   3.6094555e+00   2.3949633e+00   5.0132085e+00   2.6020370e+00   2.7002603e+00
   2.0000000e+00   3.3843190e+00   2.9738598e+00   1.9909555e+00   2.4132689e+00   3.8163751e+00   3.5145547e+00   3.5537105e+00   3.4502651e+00   3.8999597e+00   4.2072021e+00
   2.0000000e+00   3.6602883e+00   4.0730258e+00   1.6251848e+00   2.4925988e+00   2.2307905e+00   2.3222306e+00   4.0907835e+00   3.7444982e+00   2.7689274e+00   2.1565454e+00
   2.0000000e+00   3.7637693e+00   2.2962225e+00   7.7666054e-01   2.7319064e+00   2.6756728e+00   2.8593261e+00   3.4729949e+00   4.4733891e+00   1.9193298e+00   3.7461055e+00
   2.0000000e+00   3.2916885e+00   3.0167727e+00   2.1633257e+00   2.7240407e+00   3.5927961e+00   3.5245927e+00   5.0182197e+00   3.9384374e+00   3.3224341e+00   3.0475020e+00
   2.0000000e+00   3.1572535e+00   1.1644725e+00   3.8149471e+00   2.2419683e+00   3.1947310e+00   2.5649654e+00   2.3988265e+00   4.1836427e+00   3.1416016e+00   4.9472343e+00
   1.0000000e+00   2.5656018e+00   2.5734312e+00   2.3650044e+00   2.4955987e+00   4.0102578e+00   3.7361568e+00   3.3115790e+00   8.7403273e-01   2.9232714e+00   3.6070591e+00
   2.0000000e+00   3.2538413e+00   2.7633706e+00   3.1423467e+00   2.4221457e+00   3.0474360e+00   3.4079756e+00   2.4714083e+00   3.6088360e+00   2.2599990e+00   3.1873819e+00
   1.0000000e+00   3.3331593e+00   1.8757778e+00   4.3952243e+00   4.1389499e+00   2.8235706e+00   2.9071888e+00   3.7477194e+00   2.6606103e+00   3.0477255e+00   2.7970902e+00
   2.0000000e+00   4.6186679e+00   3.3501482e+00   3.4589723e+00   4.0113376e+00   4.5987646e+00   2.2737711e+00   4.1073773e+00   3.8680799e+00   2.2095751e+00   1.8060239e+00
   2.0000000e+00   1.3230216e+00   1.8150452e+00   3.9723479e+00   3.7740233e+00   3.8703128e+00   4.4305706e+00   1.3767155e+00   2.0718832e+00   2.2044429e+00   3.3739951e+00
   1.0000000e+00   4.3709547e+00   2.6466704e+00   4.4153507e+00   2.6002470e+00   3.6779086e+00   4.2617657e+00   3.3163709e+00   1.9128903e+00   3.0462238e+00   2.2807456e+00
   2.0000000e+00   1.4255821e+00   2.9747618e+00   3.0302145e+00   3.9388668e+00   1.2287268e+00   3.2817240e+00   4.4155406e+00   4.1738913e+00   4.0356220e+00   3.9383111e+00
   2.0000000e+00   3.2709852e+00   2.9652660e+00   2.4223501e+00   4.1355095e+00   3.3725323e+00   2.3467523e+00   4.4098965e+00   2.5371627e+00   2.4476703e+00   2.6422481e+00
   2.0000000e+00   1.7840650e+00   3.3192828e+00   2.8883221e+00   3.5284299e+00   2.9057628e+00   3.0501481e+00   2.7093170e+00   2.2613691e+00   2.4965903e+00   2.0290076e+00
   2.0000000e+00   3.9591685e+00   3.7168111e+00   1.4445445e+00   1.8073308e+00   4.1060267e+00   1.4786635e+00   1.9690651e+00   4.0475041e+00   2.5789026e+00   3.5204128e+00
   2.0000000e+00   1.9826085e+00   3.0144645e+00   2.9666237e+00   2.7289963e+00   1.5704353e+00   2.0478760e+00   2.8640329e+00   1.9446922e+00   1.2100630e+00   1.9877853e+00
   1.0000000e+00   4.2877042e+00   2.5226207e+00   5.0565650e+00   3.0476399e+00   3.3339184e+00   2.3171853e+00   3.8753437e+00   2.5723284e+00   2.5432392e+00   2.1513936e+00
   1.0000000e+00   4.7573401e+00   2.6751864e+00   2.0868257e+00   3.9610991e+00   3.3609655e+00   4.1505004e+00   3.1649553e+00   3.3489387e+00   3.1623068e+00   1.2838562e+00
   1.0000000e+00   3.1240612e+00   2.6614712e+00   1.9882979e+00   4.0908957e+00   3.7292619e+00   2.9468303e+00   3.7637827e+00   4.8514522e+00   3.1191707e+00   1.0507773e+00
   2.0000000e+00   4.1041588e+00   4.5007142e+00   4.4751249e+00   2.7785751e+00   3.4105186e+00   4.6385265e+00   1.4461413e+00   1.9998859e+00   3.1701886e+00   2.5491466e+00
   2.0000000e+00   3.0928792e+00   2.8042598e+00   1.9808251e+00   2.8512810e+00   3.9159971e+00   2.9665707e+00   2.2268007e+00   3.3380218e+00   1.9956806e+00   2.7298492e+00
   2.0000000e+00   1.7414283e+00   2.3788647e+00   4.4907047e+00   1.6903778e+00   2.8794760e+00   1.7241921e+00   2.0526452e+00   2.9503640e+00   2.3551903e+00   2.4179828e+00
   2.0000000e+00   1.5316525e+00   3.4083187e+00   4.7895952e+00   4.1386624e+00   1.8685768e+00   3.9542981e+00   4.5614207e+00   2.9301263e+00   3.9423209e+00   3.1700241e+00
   1.0000000e+00   2.0895011e+00   3.6655799e+00   3.3014541e+00   3.1728948e+00   2.3101955e+00   4.3589891e+00   3.2368229e+00   3.3017432e+00   3.2384808e+00   3.0960391e+00
   1.0000000e+00   1.4007720e+00   1.9582409e+00   1.8489246e+00   3.3150229e+00   2.5984128e+00   3.3551823e+00   3.4186576e+00   3.1462271e+00   2.6289975e+00   2.1655678e+00
   2.0000000e+00   2.4594058e+00   3.3949960e+00   2.6576979e+00   3.4173179e+00   3.6000693e+00   3.2384426e+00   2.2569830e+00   1.9904332e+00   1.6345831e+00   4.3051376e+00
   2.0000000e+00   4.4627505e+00   1.9431511e+00   3.6247084e+00   7.3960207e-01   4.0660954e+00   2.8500957e+00   2.9217532e+00   1.6351503e+00   3.3716818e+00   2.5098051e+00
   2.0000000e+00   3.3366765e+00   2.7208009e+00   3.0923241e+00   4.7685200e+00   1.8306371e+00   2.4549219e+00   2.1934684e+00   2.2822785e+00   2.0905221e+00   3.4135511e+00
   1.0000000e+00   3.6601290e+00   4.1320811e+00   3.5104352e+00   1.7368351e+00   4.1893386e+00   2.7875642e+00   3.4453839e+00   2.7621959e+00   3.0825812e+00   2.0748651e+00
   1.0000000e+00   2.8819687e+00   1.5755757e+00   3.1479366e+00   1.8526784e+00   3.2717613e+00   1.6051997e+00   3.2555747e+00   2.4225493e+00   2.4187733e+00   3.4563461e+00
   2.0000000e+00   2.9487252e+00   3.7607482e+00   2.8880505e+00   3.5253758e+00   3.8458394e+00   3.5566194e+00   2.4749748e+00   3.5782089e+00   2.5361552e+00   2.1237487e+00
   2.0000000e+00   4.2484308e+00   2.5836293e+00   3.8379017e+00   3.3063040e+00   2.8511117e+00   2.5122250e+00   2.6788980e+00   3.1784163e+00   2.4629062e+00   3.4499593e+00
   2.0000000e+00   3.8960366e+00   3.9478104e+00   4.6826861e+00   3.1403882e+00   3.6415876e+00   1.0045890e+00   8.7044717e-01   3.8468076e+00   1.6256867e+00   4.3822064e+00
   2.0000000e+00   2.6329986e+00   1.3452939e+00   3.0669750e+00   2.8910874e+00   3.3935758e+00   2.9257825e+00   3.5903875e+00   2.0468858e+00   4.3669297e+00   1.8181396e+00
   2.0000000e+00   3.0447782e+00   2.5225393e+00   2.7187404e+00   2.2786076e+00   4.3510277e+00   3.6445091e+00   2.8532134e+00   2.9511907e+00   4.4225909e+00   2.8962979e+00
   2.0000000e+00   4.0813027e+00   3.7249144e+00   2.6866444e+00   2.8598720e+00   2.4218896e+00   4.4132265e+00   2.8928232e+00   3.6369378e+00   3.6449787e+00   1.7046469e+00
   2.0000000e+00   1.7132945e+00   3.1655005e+00   1.6167147e+00   3.5208647e+00   3.5267770e+00   3.8235366e+00   7.4056565e-01   3.0657192e+00   2.7479530e+00   3.8513854e+00
   1.0000000e+00   2.8593576e+00   4.8495156e+00   2.8300940e+00   2.7343072e+00   3.2030533e+00   3.9498900e+00   3.3975657e+00   3.2736539e+00   2.2145943e+00   1.9726173e+00
   2.0000000e+00   2.4401340e+00   2.3482694e+00   3.5256674e+00   3.3655040e+00   1.3076672e+00   2.3338669e+00   5.4425472e+00   1.6547383e+00   3.3094942e+00   3.3880863e+00
   2.0000000e+00   2.9771678e+00   2.8633779e+00   3.5044136e+00   1.6480337e+00   3.3840258e+00   2.8264562e+00   3.7456345e+00   2.0277466e+00   3.9327918e+00   1.9665270e+00
   2.0000000e+00   2.4863877e+00   3.2207933e+00   2.0323140e+00   4.4688406e+00   5.2210652e+00   4.8007720e+00   1.1060870e+00   4.1236284e+00   3.3093098e+00   3.6810948e+00
   2.0000000e+00   3.8364617e+00   2.5734392e+00   2.4309717e+00   4.0480850e+00   5.3072721e+00   2.5493556e+00   3.4901300e+00   2.7025030e+00   2.6329404e+00   3.8872691e+00
   2.0000000e+00   2.7303733e+00   2.9410236e+00   2.0785819e+00   2.9234438e+00   1.6365198e+00   3.0464278e+00   2.2845269e+00   2.7144705e+00   2.9428730e+00   3.1355663e+00
   2.0000000e+00   3.7237668e+00   4.2049434e+00   2.2226953e+00   4.0554928e+00   3.7460444e+00   2.9259748e+00   2.3272409e+00   2.1121009e+00   3.3954549e+00   2.5235528e+00
   2.0000000e+00   4.9616753e+00   1.6641970e+00   2.2684272e+00   3.3045121e+00   1.5826325e+00   2.8210600e+00   2.4414497e+00   3.1861163e+00   2.4645907e+00   4.5062920e+00
