   2.0000000e+00   3.2315697e+00   3.8253522e+00   1.4757594e+00   1.5506856e+00   3.4327723e+00   4.6725087e+00   3.5459407e+00   3.2827640e+00   3.6349144e+00   1.0579162e+00
   1.0000000e+00   2.0804639e+00   2.4633746e+00   3.0567244e+00   3.5658879e+00   1.4771939e+00   2.3238251e+00   3.7593928e+00   2.7904550e+00   3.9890390e+00   2.5708052e+00
   2.0000000e+00   3.3355358e+00   2.4514334e+00   3.3043920e+00   1.5492112e+00   2.1399008e+00   3.4287849e+00   2.3089190e+00   2.7018516e+00   3.5328904e+00   3.4941184e+00
   2.0000000e+00   3.3160029e+00   4.1670473e+00   5.1176845e+00   1.1052650e+00   2.3884416e+00   3.3512112e+00   3.9615326e+00   1.9589288e+00   2.3529123e+00   2.9344487e+00
   2.0000000e+00   5.0123439e+00   2.7554447e+00   9.4619676e-01   1.0942456e+00   2.9364547e+00   2.9527480e+00   3.6987784e+00   3.2534882e+00   4.1919251e+00   3.8178349e+00
   1.0000000e+00   2.6927084e+00   3.1778424e+00   4.8692064e+00   3.0065033e+00   4.1905176e+00   1.8169943e+00   2.7562465e+00   2.7404896e+00   1.5493619e+00   5.2828157e+00
   2.0000000e+00   8.1980665e-01   8.9780176e-01   2.8416037e+00   1.4939869e+00   2.5071425e+00   3.9025912e+00   2.8472435e+00   2.2920976e+00   1.4010210e+00   2.4582785e+00
   2.0000000e+00   2.4304050e+00   5.0561926e+00   4.0811174e+00   2.9579353e+00   3.3568032e+00   3.1005500e+00   1.8859489e+00   2.2178036e+00   3.3766037e+00   2.5073914e+00
   2.0000000e+00   4.1487686e+00   3.4926032e+00   2.6653363e+00   2.8255474e+00   3.4414511e+00   2.1924687e+00   3.3978584e+00   3.5213264e+00   3.1446436e+00   1.8254365e+00
   2.0000000e+00   1.0539059e+00   3.1017287e+00   4.3356260e+00   4.2410137e+00   3.7839187e+00   4.0089294e+00   2.3616578e+00   3.2293317e+00   2.2035194e+00   3.0876394e+00
   1.0000000e+00   2.4059078e+00   2.3657890e+00   4.3838396e+00   3.1278536e+00   4.0045005e+00   2.1881157e+00   3.8927291e+00   3.7710911e+00   4.0982232e+00   3.6829142e+00
   2.0000000e+00   2.4510564e+00   1.9235974e+00   2.9795924e+00   4.4802929e+00   3.5349173e+00   1.3946382e+00   4.1609008e+00   2.9061279e+00   3.6574661e+00   2.7658648e+00
   1.0000000e+00   9.1453665e-01   3.4748473e+00   4.5936009e+00   3.7364338e+00   2.9023465e+00   2.4233198e+00   4.1325919e+00   2.7574095e+00   3.2564873e+00   2.0705499e+00
   2.0000000e+00   4.2614077e+00   3.5308833e+00   2.7274437e+00   3.4421969e+00   1.7489227e+00   4.3016781e+00   3.0532717e+00   4.1695094e+00   2.6586305e+00   1.9455846e+00
   2.0000000e+00   4.8322087e+00   2.2375669e+00   2.4373065e+00   2.2605248e+00   2.8682051e+00   4.1375914e+00   2.3596190e+00   2.5890104e+00   2.8321499e+00   3.5723071e+00
   2.0000000e+00   4.4176785e+00   4.5032189e+00   2.1973965e+00   3.0360139e+00   2.7823800e+00   2.5265191e+00   2.7440751e+00   4.0467612e+00   9.4461464e-01   3.0758187e+00
   2.0000000e+00   4.1308480e+00   3.2643464e+00   3.7478642e+00   1.2532864e+00   3.5654019e+00   2.4086891e+00   4.3398793e+00   2.4248674e+00   2.7614966e+00   3.2189011e+00
   1.0000000e+00   3.2846000e+00   4.4588703e+00   2.8822254e+00   3.6136465e+00   3.5701843e+00   4.1959477e+00   3.2232123e+00   3.1292474e+00   2.1088091e+00   2.2060467e+00
   2.0000000e+00   3.4783068e+00   2.3808268e+00   3.7668137e+00   2.9842990e+00   2.2751616e+00   3.5898918e+00   4.6609061e+00   2.3832885e+00   2.8317302e+00   6.7869072e-01
   2.0000000e+00   9.5613520e-01   2.4627250e+00   2.1170138e+00   3.2539369e+00   3.2668684e+00   4.4780472e+00   2.4866784e+00   4.3267055e+00   2.2933682e+00   4.1440229e+00
   2.0000000e+00   5.1577542e+00   2.1192989e+00   2.2692267e+00   3.2487039e+00   3.8151506e+00   2.6793840e+00   1.0843874e+00   4.1833590e+00   2.8302668e+00   3.9677648e+00
   2.0000000e+00   2.0639976e+00   4.3090990e+00   3.8588798e+00   2.3717538e+00   3.4923287e+00   3.0286604e+00   2.2856586e+00   1.8190154e+00   4.1969780e+00   4.2051741e+00
   2.0000000e+00   2.2866685e+00   3.1373513e+00   2.4400889e+00   1.5491360e+00   1.1621874e+00   4.3579961e+00   3.5884846e+00   3.1239505e+00   2.8619871e+00   2.1209165e+00
   2.0000000e+00   2.4796282e+00   1.1635738e+00   3.6926763e+00   6.3410625e+00   2.3556374e+00   2.8503984e+00   2.8515645e+00   3.9754959e+00   3.8432937e+00   2.6203085e+00
   1.0000000e+00   3.3592525e+00   2.7727307e+00   3.8372127e+00   3.2959567e+00   3.4140956e+00   2.5195707e+00   3.5169111e+00   2.7156149e+00   4.1869961e+00   4.7288999e+00
   2.0000000e+00   5.0460503e+00   2.7202307e+00   3.9029857e+00   2.7602867e+00   2.0404674e+00   3.1393409e+00   3.2176651e+00   3.2298047e+00   5.4366989e+00   1.8404448e+00
   2.0000000e+00   2.2634162e+00   2.8470743e+00   3.1494010e+00   2.3481288e+00   3.4386259e+00   3.2559995e+00   2.1813081e+00   3.1504313e+00   3.9115165e+00   2.0485249e+00
   2.0000000e+00   3.1049807e+00   2.0334230e+00   2.0786860e+00   2.4438822e+00   1.8202369e+00   3.1322828e+00   4.7408556e+00   3.0740770e+00   1.3163659e+00   3.0436965e+00
   1.0000000e+00   3.5460220e+00   2.4380267e+00   4.4299128e+00   3.2191674e+00   4.1136420e+00   1.4952112e+00   4.8640620e+00   2.8094188e+00   1.7159672e+00   3.5111963e+00
   2.0000000e+00   4.4965808e+00   2.5766657e+00   4.5891725e+00   2.5742287e+00   1.8967744e+00   1.4476873e+00   3.3918872e+00   3.0608153e+00   1.4654527e+00   2.9956358e+00
   2.0000000e+00   2.6121791e+00   2.5412901e+00   6.9131715e-01   2.2270334e+00   2.7912635e+00   2.6689680e+00   3.9870105e+00   2.4059802e+00   2.1570847e+00   1.8544065e+00
   2.0000000e+00   1.6446876e+00   3.0774584e+00   3.1667138e+00   3.2713293e+00   2.6344774e+00   2.5710832e+00   2.5600336e+00   4.5936978e+00   3.7191452e+00   3.9820909e+00
   1.0000000e+00   2.1790149e+00   3.4493743e+00   2.8566557e+00   3.3570912e+00   1.8638929e+00   4.6774147e+00   3.0772660e+00   2.1846826e+00   2.5696527e+00   2.7670233e+00
   2.0000000e+00   2.8006165e+00   2.2907947e+00   3.7774155e+00   3.7217090e+00   3.2519522e+00   9.4137253e-01   3.2299175e+00   2.1285187e+00   2.9903322e+00   1.3341589e+00
   2.0000000e+00   2.4784634e+00   3.0033750e+00   5.1002723e+00   3.1546417e+00   4.4760654e+00   2.5681185e+00   3.3989028e+00   1.0405716e+00   3.5725454e+00   3.7626685e+00
   2.0000000e+00   2.0418570e+00   3.2073489e+00   3.2111971e+00   2.2239832e+00   3.4147329e+00   2.6074660e+00   3.6924981e+00   3.1576395e+00   5.8963793e+00   2.8165156e+00
   2.0000000e+00   3.8400777e+00   2.3958957e+00   7.8184645e-01   3.7339631e+00   3.3230514e+00   1.9855654e+00   2.5974697e+00   1.2058713e+00   3.8085929e+00   3.1978973e+00
   2.0000000e+00   3.8706448e+00   5.6116428e+00   3.1342902e+00   2.6714660e+00   3.5277077e+00  -2.3081461e-01   4.4736027e+00   2.8511285e+00   2.3140010e+00   4.0570862e+00
   1.0000000e+00   4.2030687e+00   8.1885269e-01   2.4606058e+00   3.4206427e+00   1.8757320e+00   2.5946480e+00   2.3899748e+00   3.2051791e+00   1.9387632e+00   4.5308256e+00
   1.0000000e+00   2.2969145e+00   2.4606777e+00   3.6961806e-01   3.8022268e+00   3.7907384e+00   2.3056424e+00   3.5499616e+00   2.4531080e+00   2.2877746e+00   2.4417107e+00
   2.0000000e+00   4.6896012e+00   3.1505466e+00   3.9162887e+00   2.1111693e+00   3.5419797e+00   2.5343145e+00   1.8208012e+00   3.1434061e+00   3.1335223e+00   3.1347383e+00
   2.0000000e+00   2.7355698e+00   3.5020025e+00   2.5498005e+00   5.1368499e+00   2.7407690e+00   5.6372107e+00   3.8043501e+00   1.4940322e+00   3.5920023e+00   4.2579829e+00
   2.0000000e+00   3.3059473e+00   1.6344575e+00   2.4907084e+00   2.4678973e+00   2.5876440e+00   3.3173371e+00   3.7682344e+00   3.1848701e+00   1.8167778e+00   2.8825477e+00
   2.0000000e+00   4.7711033e+00   3.1343380e+00   1.4069169e+00   5.0149009e+00   2.7724492e+00   1.9232842e+00   3.4147657e+00   2.9196551e+00   3.3266894e+00   1.5795874e+00
   2.0000000e+00   2.0578800e+00   3.1067713e+00   4.6762860e+00   3.1270649e+00   3.5664711e+00   3.8582574e+00   3.1608168e+00   4.0944440e+00   1.9828892e+00   3.0725296e+00
   1.0000000e+00   3.8187724e+00   4.3042009e+00   2.6988696e+00   3.5080895e+00   2.3041670e+00   2.2123622e+00   2.1966915e+00   3.0114450e+00   2.5080458e+00   3.0779351e+00
   2.0000000e+00   3.8179436e+00   3.0443941e+00   3.5484791e+00   4.0509271e+00   5.0257849e+00   2.5657312e+00   2.7963353e+00   2.8778911e+00   3.6268515e+00   1.7336696e+00
   2.0000000e+00   2.9600699e+00   4.5945062e+00   2.8453159e+00   3.8812145e+00   2.8588032e+00   2.2221352e+00   4.0675606e+00   4.7965735e+00   2.4171544e+00   3.3530079e+00
   2.0000000e+00   4.1247733e+00   1.8395092e+00   1.8605330e+00   1.9819991e+00   2.5803309e+00   2.8253528e+00   2.7162195e+00   1.7436689e+00   3.6355850e+00   2.1906497e+00
   2.0000000e+00   1.0050616e+00   1.3433879e+00   2.3766149e+00   2.4008290e+00   1.9885693e+00   3.6884171e+00   3.7431814e+00   1.8795627e+00   2.4837376e+00   2.1594832e+00
   2.0000000e+00   3.4189512e+00   1.5736499e+00   2.3576148e+00   3.2623636e+00   2.3293267e+00   4.0875666e+00   3.3477992e+00   4.6020078e+00   2.7355635e+00   2.9218656e+00
   2.0000000e+00   4.5313183e+00   3.5672690e+00   3.2814784e+00   5.8887848e+00   3.3905879e+00   2.4397014e+00   4.8745069e+00   2.1080215e+00   3.8343991e+00   3.9489251e+00
   2.0000000e+00   3.1757648e+00   4.0734211e+00   4.9974221e+00   4.2588533e+00   2.5210301e+00   1.6301819e+00   3.7906734e+00   2.6722903e+00   3.2298527e+00   3.7286018e+00
   2.0000000e+00   4.2780579e+00   3.1603607e+00   3.0529403e+00   4.0765503e+00   1.7565138e+00   1.8279549e+00   3.1601268e+00   3.1000258e+00   4.2277912e+00   4.0775473e+00
   2.0000000e+00   2.4749760e+00   3.9243956e+00   2.8024871e+00   2.3827019e+00   3.3265758e+00   1.5841004e+00   3.4568388e+00   3.0489612e+00   4.1884448e+00   1.8997063e+00
   2.0000000e+00   3.8176895e+00   2.4906971e+00   2.6021840e+00   3.9918583e+00   3.9147120e+00   4.3534752e+00   2.7640558e+00   4.4871747e+00   2.9579389e+00   3.5797562e+00
   2.0000000e+00   3.9480648e+00   2.8167263e+00   4.3944549e+00   3.7552919e+00   2.0583469e+00   2.8652349e+00   3.6494764e+00   8.6841565e-01   3.4707979e+00   1.3402337e+00
   2.0000000e+00   3.1861853e+00   4.7346166e+00   4.1937441e+00   3.6530772e+00   2.2708350e+00   4.3895191e+00   2.8857465e+00   4.0415919e+00   4.5829585e+00   5.2294555e+00
   2.0000000e+00   2.6490454e+00   2.5084508e+00   1.9496800e+00   3.9851002e+00   1.6898623e+00   3.1301989e+00   3.6219969e+00   2.8271863e+00   2.5253348e+00   4.4631214e+00
   2.0000000e+00   1.5295651e+00   2.6510915e+00   2.0216566e+00   2.9390210e+00   2.2995616e+00   1.9972535e+00   4.9895585e+00   2.2985156e+00   2.8100308e+00   2.9480278e+00
   2.0000000e+00   2.7133258e+00   2.3677215e+00   3.5622659e+00   1.7339704e+00   5.0383028e+00   2.8462330e+00   4.5748025e+00   3.1300841e+00   3.1072267e+00   2.4003279e+00
   2.0000000e+00   4.1553041e+00   3.8115116e+00   3.7191099e+00   2.1285705e+00   3.0869258e+00   4.5855612e+00   3.7567259e+00   3.1799709e+00   4.3336409e+00   3.2985665e+00
   2.0000000e+00   4.9237608e+00   3.9021156e+00   4.1311872e+00   5.5109281e+00   4.0544540e+00   2.6902267e+00   3.1937031e+00   9.9138043e-01   3.8730284e+00   2.4908301e+00
   2.0000000e+00   2.0850140e+00   2.1811964e+00   3.5327545e+00   2.2794928e+00   2.2756902e+00   1.8493496e+00   3.8888463e+00   3.3526934e+00   4.8572920e+00   3.3590096e+00
   2.0000000e+00   3.9908361e+00   4.1408135e+00   2.4344713e+00   2.1398298e+00   3.0083970e+00   4.9629678e+00   4.8991684e+00   2.8418567e+00   3.9417577e+00   2.9776815e+00
   2.0000000e+00   2.2414285e+00   2.9757366e+00   2.3436357e+00   5.1235361e+00   3.7216706e+00   4.8876490e+00   2.4040059e+00   3.5791372e+00   2.4985235e+00   2.7323548e+00
   2.0000000e+00   4.0909824e+00   4.0057469e+00   2.1815824e+00   2.2446687e+00   2.2262224e+00   2.9675583e+00   2.8950961e+00   3.2017729e+00   3.2397936e+00   5.8945421e+00
   2.0000000e+00   1.1844053e+00   2.8060424e+00   4.4070729e+00   1.3235178e+00   3.7876926e+00   2.4775264e+00   2.5772234e+00   2.5131097e+00   3.5686617e+00   3.1537307e+00
   1.0000000e+00   2.3440181e+00   1.9793754e+00   3.5389444e+00   3.0074681e+00   2.5651508e+00   4.1266534e+00   3.4686343e+00   3.2820774e+00   3.2212742e+00   1.0108450e+00
   1.0000000e+00   1.2661447e+00   2.5462835e+00   1.7383649e+00   3.1150127e+00   2.4271417e+00   2.8754604e+00   3.7496182e+00   3.8265945e+00   2.4400361e+00   4.4417555e+00
   1.0000000e+00   2.5607187e+00   4.8477935e+00   9.6068582e-01   3.6717422e+00   4.6898440e+00   3.8953195e+00   2.6749946e+00   2.7617113e+00   2.4077361e+00   3.0209489e+00
   2.0000000e+00   2.0108016e+00   3.6383346e+00   4.4854866e+00   4.2053455e+00   3.3819288e+00   3.5805745e+00   4.0114136e+00   3.0558648e+00   4.2382928e+00   3.4455036e+00
   2.0000000e+00   2.7015207e+00   3.3077579e+00   2.2548930e+00   5.2735314e+00   4.3790491e+00   2.0791519e+00   1.2714579e+00   4.5935489e+00   2.9867688e+00   2.4880501e+00
   2.0000000e+00   2.6351928e+00   2.0383415e+00   3.0879943e+00   2.7030545e+00   7.3606208e-01   6.8236672e-01   2.4533328e+00   2.0949951e+00   5.9095234e+00   2.2279835e+00
   2.0000000e+00   1.2667602e+00   3.1350521e+00   2.9714057e+00   3.1878432e+00   4.1279329e+00   3.1747021e+00   3.1034468e+00   1.9348974e+00   1.8578885e+00   3.3399488e+00
   2.0000000e+00   1.4395236e+00   3.0166027e+00   2.2658019e+00   3.6989956e+00   2.1178986e+00   1.5377747e+00   2.0554856e+00   4.8328033e+00   3.2046968e+00   3.1906502e+00
   2.0000000e+00   2.6736372e+00   2.3382133e+00   9.9624561e-01   4.1969123e+00   3.3559515e+00   3.0297280e+00   2.9628296e+00   2.2065811e+00   3.5455508e+00   2.4555454e+00
   2.0000000e+00   3.9676422e+00   3.8436803e+00   4.0107094e+00   3.3577668e+00   2.1781469e+00   1.9322824e+00   3.1016643e+00   4.8063615e-01   1.7555598e+00   2.8041419e+00
   2.0000000e+00   1.6393294e+00   1.0938789e+00   3.8430096e+00   2.4516700e+00   3.1692861e+00   4.9725271e+00   4.2388998e+00   3.1444241e+00   3.1017243e+00   2.7238785e+00
   2.0000000e+00   2.9970280e+00   2.8511259e+00   1.9184669e+00   1.3039629e+00   1.4738578e+00   3.8622694e+00   3.5430398e+00   2.7340682e+00   3.2659391e+00   2.5766708e+00
   2.0000000e+00   3.6182550e+00   3.0242528e+00   4.3724223e+00   4.0078074e+00   1.3792771e+00   3.2163891e+00   3.3533897e+00   3.0635344e+00   3.9260811e+00   1.6491233e+00
   2.0000000e+00   4.1215109e+00   4.2184770e+00   3.7850585e+00   5.3039858e+00   2.2291707e+00   1.9197096e+00   3.6950494e+00   1.7580052e+00   2.3653656e+00   2.0712291e+00
   2.0000000e+00   3.3597672e+00   2.6829714e+00   6.0213510e-01   1.6575359e+00   2.9417874e+00   2.5114507e+00   2.6932271e+00   1.7726228e+00   2.3466262e+00   5.2226414e+00
   2.0000000e+00   2.2609630e+00   4.6727010e+00   3.5399070e+00   4.3342028e+00   2.2153596e+00   2.4616648e+00   3.2501011e+00   2.9081702e+00   3.0643861e+00   2.2563107e+00
   2.0000000e+00   3.5452974e+00   2.2484093e+00   2.7855449e+00   1.9480131e+00   4.4348104e+00   3.8295548e+00   1.9337768e+00   4.0078858e+00   1.5583949e+00   6.5515106e-01
   2.0000000e+00   2.2494208e+00   4.4350953e+00   4.1476906e+00   2.0640064e+00   3.4776650e+00   3.2203606e+00   4.0433893e+00   2.4789582e+00   2.7259707e+00   2.1566910e+00
   2.0000000e+00   6.2628494e-01   9.2884651e-01   2.5869776e+00   2.1570773e+00   4.1902403e+00   4.2526017e+00   2.9732908e+00   3.0013103e+00   2.1265364e+00   1.9916317e+00
   2.0000000e+00   3.9188779e+00   2.0425709e+00   1.8205914e+00   2.4937346e+00   3.4297098e+00   1.9657654e+00   4.6958773e+00   4.1144281e+00   2.6623414e+00   1.9377044e+00
   1.0000000e+00   2.7110378e+00   3.1063908e+00   4.2581336e+00   3.2523945e+00   9.8293595e-01   3.6689277e+00   2.6898101e+00   2.8150362e+00   2.6891419e+00   3.5166535e+00
   1.0000000e+00   1.7924153e+00   1.5724998e+00   4.4816827e+00   3.5133112e+00   1.7863678e+00   3.7379159e+00   4.1828081e+00   2.3842739e+00   1.5444107e+00   3.5902308e+00
   2.0000000e+00   2.9704883e+00   1.6159570e-01   2.4400156e+00   2.6388196e+00   2.2397388e+00   2.5818135e+00   2.9889558e+00   4.6328372e+00   3.2356441e+00   3.2050122e+00
   1.0000000e+00   2.9002202e+00   3.4694426e+00   2.3147926e+00   3.4878885e+00   3.2450677e+00   2.4620901e+00   3.0649228e+00   3.8284498e+00   1.8986991e+00   3.2410921e+00
   2.0000000e+00   3.1244315e+00   2.1825551e+00   2.4798825e+00   4.8019442e+00   2.5199340e+00   1.8645517e+00   4.4109472e+00   4.9085802e+00   2.4265483e+00   2.4697603e+00
   2.0000000e+00   4.4879125e+00   1.1392150e+00   3.8384997e+00   2.4351140e+00   2.6298242e+00   3.0375919e+00   4.6230291e+00   2.1663801e+00   2.8571633e+00   3.1013743e+00
   2.0000000e+00   4.2831690e+00   3.1796403e+00   4.2830643e+00   2.8980373e+00   8.3151050e-01   2.6739117e+00   3.6059451e+00   1.9944104e+00   3.7283858e+00   2.9739075e+00
   1.0000000e+00   4.0746925e+00   4.3253171e+00   3.3705924e+00   3.3341804e+00   4.6655941e+00   3.7466127e+00   2.8648493e+00   3.6831885e+00   2.0017345e+00   2.6840978e+00
   2.0000000e+00   3.7570693e+00   2.3852956e+00   3.2539204e+00   3.7603673e+00   3.7793838e+00   3.5970560e+00   1.8231688e+00   2.2615724e+00   4.5148194e+00   3.1329233e+00
   2.0000000e+00   4.6322799e+00   4.0834706e+00   3.4990780e+00   4.1061278e+00   1.1917598e+00   1.0307253e+00   6.6317694e+00   2.8053083e+00   1.2954567e+00   3.6290380e+00
   2.0000000e+00   2.7738218e+00   3.9317213e+00   4.6446984e+00   3.0215230e+00   2.4449156e+00   3.3038408e+00   2.6547520e+00   1.7478102e+00   2.0183418e+00   4.9224094e+00
   2.0000000e+00   1.6926819e+00   6.6298428e-01   6.0951912e-01   1.6153060e+00   3.6871401e+00   1.4048800e+00   1.7156243e+00   3.7578404e+00   4.6567693e+00   3.0235635e+00
